version https://git-lfs.github.com/spec/v1
oid sha256:6866c9784745161d94ed4079eac9aecd53bb09208d75a4adfb203d380c111caa
size 414
